5
10
114 90 135 80 71
121 66 116 134 149
120 101 107 52 57
57 72 96 103 114
144 111 86 138 123
105 139 137 75 80
50 104 86 144 105
122 119 101 54 78
93 130 139 97 112
113 107 125 74 81
50 30 29 48 29 23 17 40 21 50
49 37 39 39 49 46 42 30 36 17
22 44 38 32 22 45 36 26 32 22
30 21 33 25 36 28 45 18 43 49
26 29 33 50 48 40 33 36 30 26
29 45 24 20 21 37 32 19 30 21
45 22 17 49 47 22 38 18 29 35
23 40 47 43 39 21 34 47 36 26
27 26 35 32 41 47 48 21 18 20
20 28 24 25 40 20 32 32 50 46
28 38 29 40 49 47 41 40 25 31
42 49 38 47 43 36 32 42 20 34
50 39 35 45 30 35 26 21 33 38
29 33 25 33 29 34 17 19 28 18
47 40 17 40 30 49 32 17 21 17
24 46 22 38 26 36 23 31 31 42
41 36 21 49 48 42 36 31 34 27
38 45 47 27 48 46 28 39 50 25
44 22 46 22 41 27 32 20 35 44
38 17 25 40 41 33 18 46 40 38
42 44 22 46 39 48 45 31 36 21
35 30 34 25 33 34 23 49 21 39
36 41 46 48 28 42 30 27 50 39
38 46 42 36 25 50 40 33 41 32
44 21 44 24 22 41 45 47 31 34
36 22 22 25 24 48 41 36 30 19
41 29 49 21 46 28 37 36 28 35
46 20 43 20 25 38 42 25 20 20
30 43 18 43 37 29 17 19 24 22
50 27 28 37 24 40 17 41 19 50
39 24 19 37 42 25 31 20 40 26
43 42 31 38 46 34 38 33 47 20
29 22 21 17 26 45 17 32 45 40
45 30 28 44 50 36 34 23 39 42
35 26 32 45 40 32 28 24 35 47
27 50 30 25 27 47 31 18 45 29
29 21 38 46 24 27 39 40 31 36
50 30 45 39 21 27 42 22 34 41
45 37 32 34 39 26 28 31 45 34
32 26 42 46 30 37 44 34 33 33
44 17 21 43 29 39 35 46 38 18
40 26 43 32 50 32 48 19 43 30
25 20 31 49 31 42 17 36 20 22
28 31 37 33 21 31 31 40 43 28
51 21 31 25 29 32 31 37 24 50
32 39 33 31 50 25 29 21 35 26
43 29 42 25 25 39 42 26 37 47
29 47 34 40 43 50 40 25 39 26
46 32 22 21 29 40 49 46 38 33
30 42 29 26 42 37 41 39 36 18
265 266 249 249 247 249 268 246 258 233
19 29 96 99 8 16 60 75 0 7
95 32 44 13 61 14 35 89 72 91
